+------+-------+------+----+----+----+----+--------+--------+--------+--------+-----------+--------+
| Fold | Alarm | Nums | TP | TN | FP | FN |  ACC   |  AUC   |  TPR   |  TNR   | Ref_score | Score  |
+------+-------+------+----+----+----+----+--------+--------+--------+--------+-----------+--------+
|  1   |  ALL  | 148  | 48 | 20 | 68 | 12 | 0.4595 | 0.3553 |  0.8   | 0.2273 |   0.4054  | 0.3469 |
|  2   |  ALL  | 146  | 45 | 20 | 70 | 11 | 0.4452 | 0.3585 | 0.8036 | 0.2222 |   0.3836  | 0.3421 |
|  3   |  ALL  | 142  | 44 | 19 | 67 | 12 | 0.4437 | 0.3802 | 0.7857 | 0.2209 |   0.3944  | 0.3316 |
|  4   |  ALL  | 144  | 13 | 89 | 0  | 42 | 0.7083 |  0.64  | 0.2364 |  1.0   |   0.3819  | 0.3269 |
|  5   |  ALL  | 136  | 19 | 78 | 3  | 36 | 0.7132 | 0.712  | 0.3455 | 0.963  |   0.4044  | 0.3464 |
+------+-------+------+----+----+----+----+--------+--------+--------+--------+-----------+--------+
+------+-------+------+----+----+----+----+--------+--------+-----+--------+-----------+--------+
| Fold | Alarm | Nums | TP | TN | FP | FN |  ACC   |  AUC   | TPR |  TNR   | Ref_score | Score  |
+------+-------+------+----+----+----+----+--------+--------+-----+--------+-----------+--------+
|  1   |  VTA  |  68  | 18 | 0  | 50 | 0  | 0.2647 | 0.3544 | 1.0 |  0.0   |   0.2647  | 0.2647 |
|  2   |  VTA  |  67  | 18 | 0  | 49 | 0  | 0.2687 | 0.2959 | 1.0 |  0.0   |   0.2687  | 0.2687 |
|  3   |  VTA  |  65  | 17 | 0  | 48 | 0  | 0.2615 | 0.4939 | 1.0 |  0.0   |   0.2615  | 0.2615 |
|  4   |  VTA  |  67  | 0  | 50 | 0  | 17 | 0.7463 | 0.5659 | 0.0 |  1.0   |   0.2537  | 0.3704 |
|  5   |  VTA  |  65  | 0  | 46 | 3  | 16 | 0.7077 | 0.5408 | 0.0 | 0.9388 |   0.2462  | 0.3566 |
+------+-------+------+----+----+----+----+--------+--------+-----+--------+-----------+--------+
+------+-------+------+----+----+----+----+--------+--------+--------+-----+-----------+--------+
| Fold | Alarm | Nums | TP | TN | FP | FN |  ACC   |  AUC   |  TPR   | TNR | Ref_score | Score  |
+------+-------+------+----+----+----+----+--------+--------+--------+-----+-----------+--------+
|  1   |  ETC  |  28  | 25 | 0  | 2  | 1  | 0.8929 | 0.4423 | 0.9615 | 0.0 |   0.9286  | 0.7812 |
|  2   |  ETC  |  25  | 22 | 0  | 2  | 1  |  0.88  |  0.5   | 0.9565 | 0.0 |    0.92   | 0.7586 |
|  3   |  ETC  |  27  | 23 | 0  | 2  | 2  | 0.8519 |  0.52  |  0.92  | 0.0 |   0.9259  | 0.6571 |
|  4   |  ETC  |  26  | 13 | 2  | 0  | 11 | 0.5769 | 0.7292 | 0.5417 | 1.0 |   0.9231  | 0.2143 |
|  5   |  ETC  |  25  | 19 | 0  | 0  | 6  |  0.76  |   0    |  0.76  | 0.0 |    1.0    | 0.3878 |
+------+-------+------+----+----+----+----+--------+--------+--------+-----+-----------+--------+
+------+-------+------+----+----+----+----+--------+--------+-----+-----+-----------+--------+
| Fold | Alarm | Nums | TP | TN | FP | FN |  ACC   |  AUC   | TPR | TNR | Ref_score | Score  |
+------+-------+------+----+----+----+----+--------+--------+-----+-----+-----------+--------+
|  1   |  VFB  |  13  | 0  | 11 | 0  | 2  | 0.8462 | 0.6364 | 0.0 | 1.0 |   0.1538  | 0.5238 |
|  2   |  VFB  |  12  | 0  | 11 | 0  | 1  | 0.9167 | 0.3636 | 0.0 | 1.0 |   0.0833  | 0.6875 |
|  3   |  VFB  |  11  | 0  | 10 | 0  | 1  | 0.9091 |  0.9   | 0.0 | 1.0 |   0.0909  | 0.6667 |
|  4   |  VFB  |  11  | 0  | 10 | 0  | 1  | 0.9091 |  0.2   | 0.0 | 1.0 |   0.0909  | 0.6667 |
|  5   |  VFB  |  10  | 0  | 9  | 0  | 1  |  0.9   |  0.0   | 0.0 | 1.0 |    0.1    | 0.6429 |
+------+-------+------+----+----+----+----+--------+--------+-----+-----+-----------+--------+
+------+-------+------+----+----+----+----+--------+--------+-----+-----+-----------+--------+
| Fold | Alarm | Nums | TP | TN | FP | FN |  ACC   |  AUC   | TPR | TNR | Ref_score | Score  |
+------+-------+------+----+----+----+----+--------+--------+-----+-----+-----------+--------+
|  1   |  ASY  |  21  | 5  | 0  | 16 | 0  | 0.2381 | 0.7125 | 1.0 | 0.0 |   0.2381  | 0.2381 |
|  2   |  ASY  |  24  | 5  | 0  | 19 | 0  | 0.2083 | 0.5263 | 1.0 | 0.0 |   0.2083  | 0.2083 |
|  3   |  ASY  |  21  | 4  | 0  | 17 | 0  | 0.1905 | 0.6471 | 1.0 | 0.0 |   0.1905  | 0.1905 |
|  4   |  ASY  |  24  | 0  | 20 | 0  | 4  | 0.8333 | 0.175  | 0.0 | 1.0 |   0.1667  |  0.5   |
|  5   |  ASY  |  20  | 0  | 16 | 0  | 4  |  0.8   | 0.6875 | 0.0 | 1.0 |    0.2    | 0.4444 |
+------+-------+------+----+----+----+----+--------+--------+-----+-----+-----------+--------+
+------+-------+------+----+----+----+----+--------+--------+-----+-----+-----------+--------+
| Fold | Alarm | Nums | TP | TN | FP | FN |  ACC   |  AUC   | TPR | TNR | Ref_score | Score  |
+------+-------+------+----+----+----+----+--------+--------+-----+-----+-----------+--------+
|  1   |  EBR  |  18  | 0  | 9  | 0  | 9  |  0.5   | 0.6173 | 0.0 | 1.0 |    0.5    | 0.1667 |
|  2   |  EBR  |  18  | 0  | 9  | 0  | 9  |  0.5   | 0.7654 | 0.0 | 1.0 |    0.5    | 0.1667 |
|  3   |  EBR  |  18  | 0  | 9  | 0  | 9  |  0.5   | 0.6667 | 0.0 | 1.0 |    0.5    | 0.1667 |
|  4   |  EBR  |  16  | 0  | 7  | 0  | 9  | 0.4375 | 0.3175 | 0.0 | 1.0 |   0.5625  | 0.1346 |
|  5   |  EBR  |  16  | 0  | 7  | 0  | 9  | 0.4375 | 0.4921 | 0.0 | 1.0 |   0.5625  | 0.1346 |
+------+-------+------+----+----+----+----+--------+--------+-----+-----+-----------+--------+
2023-05-15-22-02-47: all result 
+-----------------------------------------+-------+------+-----+-----+-----+-----+--------+--------+--------+-----------+--------+
|                   Set                   | Alarm | Nums |  TP |  TN |  FP |  FN |  ACC   |  TPR   |  TNR   | Ref_score | Score  |
+-----------------------------------------+-------+------+-----+-----+-----+-----+--------+--------+--------+-----------+--------+
| Combined_edgcn_12s_slice_norm_nosing_II |  ALL  | 716  | 169 | 226 | 208 | 113 | 0.5517 | 0.5993 | 0.5207 |   0.3939  | 0.3382 |
| Combined_edgcn_12s_slice_norm_nosing_II |  VTA  | 332  |  53 |  96 | 150 |  33 | 0.4488 | 0.6163 | 0.3902 |   0.259   | 0.3211 |
| Combined_edgcn_12s_slice_norm_nosing_II |  ETC  | 131  | 102 |  2  |  6  |  21 | 0.7939 | 0.8293 |  0.25  |   0.9389  | 0.4837 |
| Combined_edgcn_12s_slice_norm_nosing_II |  VFB  |  57  |  0  |  51 |  0  |  6  | 0.8947 |  0.0   |  1.0   |   0.1053  | 0.6296 |
| Combined_edgcn_12s_slice_norm_nosing_II |  ASY  | 110  |  14 |  36 |  52 |  8  | 0.4545 | 0.6364 | 0.4091 |    0.2    | 0.3521 |
| Combined_edgcn_12s_slice_norm_nosing_II |  EBR  |  86  |  0  |  41 |  0  |  45 | 0.4767 |  0.0   |  1.0   |   0.5233  | 0.1541 |
+-----------------------------------------+-------+------+-----+-----+-----+-----+--------+--------+--------+-----------+--------+

