+------+-------+------+----+----+----+----+--------+--------+--------+--------+-----------+--------+
| Fold | Alarm | Nums | TP | TN | FP | FN |  ACC   |  AUC   |  TPR   |  TNR   | Ref_score | Score  |
+------+-------+------+----+----+----+----+--------+--------+--------+--------+-----------+--------+
|  1   |  ALL  | 139  | 40 | 20 | 61 | 18 | 0.4317 | 0.3891 | 0.6897 | 0.2469 |   0.4173  | 0.2844 |
|  2   |  ALL  | 133  | 8  | 79 | 3  | 43 | 0.6541 | 0.6588 | 0.1569 | 0.9634 |   0.3835  | 0.2852 |
|  3   |  ALL  | 129  | 19 | 68 | 8  | 34 | 0.6744 | 0.6379 | 0.3585 | 0.8947 |   0.4109  | 0.3283 |
|  4   |  ALL  | 134  | 21 | 77 | 3  | 33 | 0.7313 | 0.7236 | 0.3889 | 0.9625 |   0.403   | 0.3684 |
|  5   |  ALL  | 123  | 20 | 70 | 5  | 28 | 0.7317 | 0.6767 | 0.4167 | 0.9333 |   0.3902  | 0.383  |
+------+-------+------+----+----+----+----+--------+--------+--------+--------+-----------+--------+
+------+-------+------+----+----+----+----+--------+--------+--------+--------+-----------+--------+
| Fold | Alarm | Nums | TP | TN | FP | FN |  ACC   |  AUC   |  TPR   |  TNR   | Ref_score | Score  |
+------+-------+------+----+----+----+----+--------+--------+--------+--------+-----------+--------+
|  1   |  VTA  |  65  | 17 | 0  | 48 | 0  | 0.2615 | 0.5748 |  1.0   |  0.0   |   0.2615  | 0.2615 |
|  2   |  VTA  |  62  | 1  | 44 | 2  | 15 | 0.7258 | 0.6046 | 0.0625 | 0.9565 |   0.2581  | 0.3689 |
|  3   |  VTA  |  59  | 3  | 39 | 5  | 12 | 0.7119 | 0.5621 |  0.2   | 0.8864 |   0.2542  | 0.3925 |
|  4   |  VTA  |  63  | 3  | 43 | 3  | 14 | 0.7302 | 0.6573 | 0.1765 | 0.9348 |   0.2698  | 0.3866 |
|  5   |  VTA  |  58  | 3  | 40 | 5  | 10 | 0.7414 | 0.7333 | 0.2308 | 0.8889 |   0.2241  | 0.4388 |
+------+-------+------+----+----+----+----+--------+--------+--------+--------+-----------+--------+
+------+-------+------+----+----+----+----+--------+--------+--------+-----+-----------+--------+
| Fold | Alarm | Nums | TP | TN | FP | FN |  ACC   |  AUC   |  TPR   | TNR | Ref_score | Score  |
+------+-------+------+----+----+----+----+--------+--------+--------+-----+-----------+--------+
|  1   |  ETC  |  27  | 18 | 1  | 1  | 7  | 0.7037 |  0.5   |  0.72  | 0.5 |   0.9259  | 0.3455 |
|  2   |  ETC  |  23  | 7  | 1  | 1  | 14 | 0.3478 | 0.4524 | 0.3333 | 0.5 |   0.913   | 0.1013 |
|  3   |  ETC  |  27  | 16 | 1  | 1  | 9  | 0.6296 |  0.7   |  0.64  | 0.5 |   0.9259  | 0.2698 |
|  4   |  ETC  |  24  | 18 | 1  | 0  | 5  | 0.7917 | 0.913  | 0.7826 | 1.0 |   0.9583  | 0.4318 |
|  5   |  ETC  |  21  | 17 | 0  | 0  | 4  | 0.8095 |   0    | 0.8095 | 0.0 |    1.0    | 0.4595 |
+------+-------+------+----+----+----+----+--------+--------+--------+-----+-----------+--------+
+------+-------+------+----+----+----+----+--------+-------+-----+------+-----------+--------+
| Fold | Alarm | Nums | TP | TN | FP | FN |  ACC   |  AUC  | TPR | TNR  | Ref_score | Score  |
+------+-------+------+----+----+----+----+--------+-------+-----+------+-----------+--------+
|  1   |  VFB  |  12  | 0  | 10 | 0  | 2  | 0.8333 |  0.85 | 0.0 | 1.0  |   0.1667  |  0.5   |
|  2   |  VFB  |  11  | 0  | 10 | 0  | 1  | 0.9091 |  1.0  | 0.0 | 1.0  |   0.0909  | 0.6667 |
|  3   |  VFB  |  9   | 0  | 6  | 2  | 1  | 0.6667 | 0.375 | 0.0 | 0.75 |   0.1111  | 0.4615 |
|  4   |  VFB  |  10  | 0  | 9  | 0  | 1  |  0.9   |  0.0  | 0.0 | 1.0  |    0.1    | 0.6429 |
|  5   |  VFB  |  10  | 0  | 9  | 0  | 1  |  0.9   |  0.0  | 0.0 | 1.0  |    0.1    | 0.6429 |
+------+-------+------+----+----+----+----+--------+-------+-----+------+-----------+--------+
+------+-------+------+----+----+----+----+--------+--------+-----+-----+-----------+--------+
| Fold | Alarm | Nums | TP | TN | FP | FN |  ACC   |  AUC   | TPR | TNR | Ref_score | Score  |
+------+-------+------+----+----+----+----+--------+--------+-----+-----+-----------+--------+
|  1   |  ASY  |  17  | 5  | 0  | 12 | 0  | 0.2941 | 0.7167 | 1.0 | 0.0 |   0.2941  | 0.2941 |
|  2   |  ASY  |  21  | 0  | 16 | 0  | 5  | 0.7619 | 0.575  | 0.0 | 1.0 |   0.2381  | 0.3902 |
|  3   |  ASY  |  17  | 0  | 13 | 0  | 4  | 0.7647 | 0.5865 | 0.0 | 1.0 |   0.2353  | 0.3939 |
|  4   |  ASY  |  21  | 0  | 17 | 0  | 4  | 0.8095 | 0.3529 | 0.0 | 1.0 |   0.1905  | 0.4595 |
|  5   |  ASY  |  19  | 0  | 15 | 0  | 4  | 0.7895 | 0.3833 | 0.0 | 1.0 |   0.2105  | 0.4286 |
+------+-------+------+----+----+----+----+--------+--------+-----+-----+-----------+--------+
+------+-------+------+----+----+----+----+--------+--------+-----+-----+-----------+--------+
| Fold | Alarm | Nums | TP | TN | FP | FN |  ACC   |  AUC   | TPR | TNR | Ref_score | Score  |
+------+-------+------+----+----+----+----+--------+--------+-----+-----+-----------+--------+
|  1   |  EBR  |  18  | 0  | 9  | 0  | 9  |  0.5   | 0.5309 | 0.0 | 1.0 |    0.5    | 0.1667 |
|  2   |  EBR  |  16  | 0  | 8  | 0  | 8  |  0.5   | 0.4375 | 0.0 | 1.0 |    0.5    | 0.1667 |
|  3   |  EBR  |  17  | 0  | 9  | 0  | 8  | 0.5294 | 0.4861 | 0.0 | 1.0 |   0.4706  | 0.1837 |
|  4   |  EBR  |  16  | 0  | 7  | 0  | 9  | 0.4375 | 0.4762 | 0.0 | 1.0 |   0.5625  | 0.1346 |
|  5   |  EBR  |  15  | 0  | 6  | 0  | 9  |  0.4   | 0.3704 | 0.0 | 1.0 |    0.6    | 0.1176 |
+------+-------+------+----+----+----+----+--------+--------+-----+-----+-----------+--------+
2023-05-15-22-05-33: all result 
+----------------------------------------+-------+------+-----+-----+----+-----+--------+--------+--------+-----------+--------+
|                  Set                   | Alarm | Nums |  TP |  TN | FP |  FN |  ACC   |  TPR   |  TNR   | Ref_score | Score  |
+----------------------------------------+-------+------+-----+-----+----+-----+--------+--------+--------+-----------+--------+
| Combined_edgcn_12s_slice_norm_nosing_V |  ALL  | 658  | 108 | 314 | 80 | 156 | 0.6413 | 0.4091 | 0.797  |   0.4012  | 0.3292 |
| Combined_edgcn_12s_slice_norm_nosing_V |  VTA  | 307  |  27 | 166 | 63 |  51 | 0.6287 | 0.3462 | 0.7249 |   0.2541  | 0.3777 |
| Combined_edgcn_12s_slice_norm_nosing_V |  ETC  | 122  |  76 |  4  | 3  |  39 | 0.6557 | 0.6609 | 0.5714 |   0.9426  | 0.2878 |
| Combined_edgcn_12s_slice_norm_nosing_V |  VFB  |  52  |  0  |  44 | 2  |  6  | 0.8462 |  0.0   | 0.9565 |   0.1154  | 0.5789 |
| Combined_edgcn_12s_slice_norm_nosing_V |  ASY  |  95  |  5  |  61 | 12 |  17 | 0.6947 | 0.2273 | 0.8356 |   0.2316  | 0.4049 |
| Combined_edgcn_12s_slice_norm_nosing_V |  EBR  |  82  |  0  |  39 | 0  |  43 | 0.4756 |  0.0   |  1.0   |   0.5244  | 0.1535 |
+----------------------------------------+-------+------+-----+-----+----+-----+--------+--------+--------+-----------+--------+

