+------+-------+------+----+----+----+----+--------+--------+--------+--------+-----------+--------+
| Fold | Alarm | Nums | TP | TN | FP | FN |  ACC   |  AUC   |  TPR   |  TNR   | Ref_score | Score  |
+------+-------+------+----+----+----+----+--------+--------+--------+--------+-----------+--------+
|  1   |  ALL  | 155  | 19 | 85 | 8  | 43 | 0.671  | 0.7303 | 0.3065 | 0.914  |    0.4    | 0.318  |
|  2   |  ALL  | 152  | 19 | 85 | 8  | 40 | 0.6842 | 0.7379 | 0.322  | 0.914  |   0.3882  | 0.3333 |
|  3   |  ALL  | 149  | 17 | 77 | 14 | 41 | 0.6309 | 0.6042 | 0.2931 | 0.8462 |   0.3893  | 0.3003 |
|  4   |  ALL  | 148  | 25 | 61 | 29 | 33 | 0.5811 | 0.5464 | 0.431  | 0.6778 |   0.3919  | 0.3071 |
|  5   |  ALL  | 146  | 25 | 74 | 15 | 32 | 0.6781 | 0.6651 | 0.4386 | 0.8315 |   0.3904  | 0.3613 |
+------+-------+------+----+----+----+----+--------+--------+--------+--------+-----------+--------+
+------+-------+------+----+----+----+----+--------+--------+--------+--------+-----------+--------+
| Fold | Alarm | Nums | TP | TN | FP | FN |  ACC   |  AUC   |  TPR   |  TNR   | Ref_score | Score  |
+------+-------+------+----+----+----+----+--------+--------+--------+--------+-----------+--------+
|  1   |  VTA  |  69  | 3  | 45 | 6  | 15 | 0.6957 | 0.6558 | 0.1667 | 0.8824 |   0.2609  | 0.3721 |
|  2   |  VTA  |  69  | 4  | 49 | 2  | 14 | 0.7681 | 0.6928 | 0.2222 | 0.9608 |   0.2609  | 0.424  |
|  3   |  VTA  |  68  | 3  | 44 | 6  | 15 | 0.6912 | 0.4678 | 0.1667 |  0.88  |   0.2647  | 0.3672 |
|  4   |  VTA  |  68  | 8  | 39 | 11 | 10 | 0.6912 | 0.5589 | 0.4444 |  0.78  |   0.2647  | 0.4352 |
|  5   |  VTA  |  67  | 5  | 42 | 8  | 12 | 0.7015 | 0.6259 | 0.2941 |  0.84  |   0.2537  | 0.4087 |
+------+-------+------+----+----+----+----+--------+--------+--------+--------+-----------+--------+
+------+-------+------+----+----+----+----+--------+--------+--------+-----+-----------+--------+
| Fold | Alarm | Nums | TP | TN | FP | FN |  ACC   |  AUC   |  TPR   | TNR | Ref_score | Score  |
+------+-------+------+----+----+----+----+--------+--------+--------+-----+-----------+--------+
|  1   |  ETC  |  29  | 6  | 2  | 0  | 21 | 0.2759 | 0.8148 | 0.2222 | 1.0 |   0.931   | 0.0708 |
|  2   |  ETC  |  28  | 11 | 2  | 0  | 15 | 0.4643 | 0.7115 | 0.4231 | 1.0 |   0.9286  | 0.1477 |
|  3   |  ETC  |  28  | 11 | 2  | 0  | 15 | 0.4643 | 0.6731 | 0.4231 | 1.0 |   0.9286  | 0.1477 |
|  4   |  ETC  |  28  | 9  | 1  | 1  | 17 | 0.3571 | 0.3846 | 0.3462 | 0.5 |   0.9286  | 0.1042 |
|  5   |  ETC  |  27  | 16 | 1  | 0  | 10 | 0.6296 | 0.8077 | 0.6154 | 1.0 |   0.963   | 0.2537 |
+------+-------+------+----+----+----+----+--------+--------+--------+-----+-----------+--------+
+------+-------+------+----+----+----+----+--------+--------+-----+--------+-----------+--------+
| Fold | Alarm | Nums | TP | TN | FP | FN |  ACC   |  AUC   | TPR |  TNR   | Ref_score | Score  |
+------+-------+------+----+----+----+----+--------+--------+-----+--------+-----------+--------+
|  1   |  VFB  |  13  | 2  | 10 | 1  | 0  | 0.9231 |  1.0   | 1.0 | 0.9091 |   0.1538  | 0.9231 |
|  2   |  VFB  |  12  | 0  | 10 | 1  | 1  | 0.8333 | 0.7273 | 0.0 | 0.9091 |   0.0833  | 0.625  |
|  3   |  VFB  |  11  | 0  | 6  | 4  | 1  | 0.5455 |  0.5   | 0.0 |  0.6   |   0.0909  |  0.4   |
|  4   |  VFB  |  11  | 0  | 4  | 6  | 1  | 0.3636 |  0.1   | 0.0 |  0.4   |   0.0909  | 0.2667 |
|  5   |  VFB  |  11  | 0  | 8  | 2  | 1  | 0.7273 |  0.3   | 0.0 |  0.8   |   0.0909  | 0.5333 |
+------+-------+------+----+----+----+----+--------+--------+-----+--------+-----------+--------+
+------+-------+------+----+----+----+----+--------+-------+------+------+-----------+--------+
| Fold | Alarm | Nums | TP | TN | FP | FN |  ACC   |  AUC  | TPR  | TNR  | Ref_score | Score  |
+------+-------+------+----+----+----+----+--------+-------+------+------+-----------+--------+
|  1   |  ASY  |  25  | 3  | 20 | 0  | 2  |  0.92  |  0.97 | 0.6  | 1.0  |    0.2    | 0.697  |
|  2   |  ASY  |  25  | 0  | 17 | 3  | 5  |  0.68  |  0.76 | 0.0  | 0.85 |    0.2    | 0.3778 |
|  3   |  ASY  |  24  | 1  | 18 | 2  | 3  | 0.7917 |  0.85 | 0.25 | 0.9  |   0.1667  | 0.5278 |
|  4   |  ASY  |  24  | 3  | 14 | 6  | 1  | 0.7083 | 0.775 | 0.75 | 0.7  |   0.1667  | 0.6071 |
|  5   |  ASY  |  24  | 1  | 15 | 5  | 3  | 0.6667 | 0.475 | 0.25 | 0.75 |   0.1667  | 0.4444 |
+------+-------+------+----+----+----+----+--------+-------+------+------+-----------+--------+
+------+-------+------+----+----+----+----+--------+--------+--------+--------+-----------+--------+
| Fold | Alarm | Nums | TP | TN | FP | FN |  ACC   |  AUC   |  TPR   |  TNR   | Ref_score | Score  |
+------+-------+------+----+----+----+----+--------+--------+--------+--------+-----------+--------+
|  1   |  EBR  |  19  | 5  | 8  | 1  | 5  | 0.6842 | 0.8111 |  0.5   | 0.8889 |   0.5263  | 0.3333 |
|  2   |  EBR  |  18  | 4  | 7  | 2  | 5  | 0.6111 | 0.6667 | 0.4444 | 0.7778 |    0.5    | 0.2895 |
|  3   |  EBR  |  18  | 2  | 7  | 2  | 7  |  0.5   | 0.6296 | 0.2222 | 0.7778 |    0.5    | 0.1957 |
|  4   |  EBR  |  17  | 5  | 3  | 5  | 4  | 0.4706 |  0.5   | 0.5556 | 0.375  |   0.5294  | 0.2424 |
|  5   |  EBR  |  17  | 3  | 8  | 0  | 6  | 0.6471 | 0.7222 | 0.3333 |  1.0   |   0.5294  | 0.2683 |
+------+-------+------+----+----+----+----+--------+--------+--------+--------+-----------+--------+
2023-05-15-21-59-38: all result 
+------------------------------------------+-------+------+-----+-----+----+-----+--------+--------+--------+-----------+--------+
|                   Set                    | Alarm | Nums |  TP |  TN | FP |  FN |  ACC   |  TPR   |  TNR   | Ref_score | Score  |
+------------------------------------------+-------+------+-----+-----+----+-----+--------+--------+--------+-----------+--------+
| Combined_edgcn_12s_slice_norm_nosing_PRA |  ALL  | 750  | 105 | 382 | 74 | 189 | 0.6493 | 0.3571 | 0.8377 |   0.392   | 0.3234 |
| Combined_edgcn_12s_slice_norm_nosing_PRA |  VTA  | 341  |  23 | 219 | 33 |  66 | 0.7097 | 0.2584 | 0.869  |   0.261   |  0.4   |
| Combined_edgcn_12s_slice_norm_nosing_PRA |  ETC  | 140  |  53 |  8  | 1  |  78 | 0.4357 | 0.4046 | 0.8889 |   0.9357  | 0.135  |
| Combined_edgcn_12s_slice_norm_nosing_PRA |  VFB  |  58  |  2  |  38 | 14 |  4  | 0.6897 | 0.3333 | 0.7308 |   0.1034  | 0.5405 |
| Combined_edgcn_12s_slice_norm_nosing_PRA |  ASY  | 122  |  8  |  84 | 16 |  14 | 0.7541 | 0.3636 |  0.84  |   0.1803  | 0.5169 |
| Combined_edgcn_12s_slice_norm_nosing_PRA |  EBR  |  89  |  19 |  33 | 10 |  27 | 0.5843 | 0.413  | 0.7674 |   0.5169  | 0.264  |
+------------------------------------------+-------+------+-----+-----+----+-----+--------+--------+--------+-----------+--------+

