+------+-------+------+----+----+----+----+--------+--------+--------+--------+-----------+--------+
| Fold | Alarm | Nums | TP | TN | FP | FN |  ACC   |  AUC   |  TPR   |  TNR   | Ref_score | Score  |
+------+-------+------+----+----+----+----+--------+--------+--------+--------+-----------+--------+
|  1   |  ALL  | 155  | 41 | 76 | 17 | 21 | 0.7548 | 0.8006 | 0.6613 | 0.8172 |    0.4    | 0.4895 |
|  2   |  ALL  | 152  | 33 | 75 | 18 | 26 | 0.7105 | 0.7728 | 0.5593 | 0.8065 |   0.3882  | 0.4219 |
|  3   |  ALL  | 149  | 35 | 81 | 10 | 23 | 0.7785 | 0.7821 | 0.6034 | 0.8901 |   0.3893  | 0.4813 |
|  4   |  ALL  | 148  | 40 | 74 | 16 | 18 | 0.7703 | 0.7996 | 0.6897 | 0.8222 |   0.3919  | 0.5182 |
|  5   |  ALL  | 146  | 41 | 76 | 13 | 16 | 0.8014 | 0.8472 | 0.7193 | 0.8539 |   0.3904  | 0.5571 |
+------+-------+------+----+----+----+----+--------+--------+--------+--------+-----------+--------+
+------+-------+------+----+----+----+----+--------+--------+--------+--------+-----------+--------+
| Fold | Alarm | Nums | TP | TN | FP | FN |  ACC   |  AUC   |  TPR   |  TNR   | Ref_score | Score  |
+------+-------+------+----+----+----+----+--------+--------+--------+--------+-----------+--------+
|  1   |  ALL  | 155  | 42 | 72 | 21 | 20 | 0.7355 | 0.8009 | 0.6774 | 0.7742 |    0.4    | 0.4851 |
|  2   |  ALL  | 152  | 35 | 77 | 16 | 24 | 0.7368 | 0.777  | 0.5932 | 0.828  |   0.3882  | 0.4516 |
|  3   |  ALL  | 149  | 35 | 79 | 12 | 23 | 0.7651 | 0.7905 | 0.6034 | 0.8681 |   0.3893  | 0.473  |
|  4   |  ALL  | 148  | 40 | 73 | 17 | 18 | 0.7635 | 0.8006 | 0.6897 | 0.8111 |   0.3919  | 0.5136 |
|  5   |  ALL  | 146  | 40 | 79 | 10 | 17 | 0.8151 | 0.8553 | 0.7018 | 0.8876 |   0.3904  | 0.5561 |
+------+-------+------+----+----+----+----+--------+--------+--------+--------+-----------+--------+
+------+-------+------+----+----+----+----+--------+--------+--------+--------+-----------+--------+
| Fold | Alarm | Nums | TP | TN | FP | FN |  ACC   |  AUC   |  TPR   |  TNR   | Ref_score | Score  |
+------+-------+------+----+----+----+----+--------+--------+--------+--------+-----------+--------+
|  1   |  VTA  |  69  | 7  | 36 | 15 | 11 | 0.6232 | 0.598  | 0.3889 | 0.7059 |   0.2609  | 0.3805 |
|  2   |  VTA  |  69  | 3  | 42 | 9  | 15 | 0.6522 | 0.5806 | 0.1667 | 0.8235 |   0.2609  | 0.3488 |
|  3   |  VTA  |  68  | 6  | 45 | 5  | 12 |  0.75  |  0.6   | 0.3333 |  0.9   |   0.2647  | 0.4397 |
|  4   |  VTA  |  68  | 10 | 40 | 10 | 8  | 0.7353 | 0.7322 | 0.5556 |  0.8   |   0.2647  |  0.5   |
|  5   |  VTA  |  67  | 9  | 46 | 4  | 8  | 0.8209 | 0.8859 | 0.5294 |  0.92  |   0.2537  | 0.5556 |
+------+-------+------+----+----+----+----+--------+--------+--------+--------+-----------+--------+
+------+-------+------+----+----+----+----+--------+--------+--------+-----+-----------+--------+
| Fold | Alarm | Nums | TP | TN | FP | FN |  ACC   |  AUC   |  TPR   | TNR | Ref_score | Score  |
+------+-------+------+----+----+----+----+--------+--------+--------+-----+-----------+--------+
|  1   |  ETC  |  29  | 27 | 1  | 1  | 0  | 0.9655 | 0.963  |  1.0   | 0.5 |   0.931   | 0.9655 |
|  2   |  ETC  |  28  | 22 | 1  | 1  | 4  | 0.8214 | 0.7115 | 0.8462 | 0.5 |   0.9286  | 0.5227 |
|  3   |  ETC  |  28  | 24 | 1  | 1  | 2  | 0.8929 | 0.9231 | 0.9231 | 0.5 |   0.9286  | 0.6944 |
|  4   |  ETC  |  28  | 24 | 2  | 0  | 2  | 0.9286 | 0.9808 | 0.9231 | 1.0 |   0.9286  | 0.7222 |
|  5   |  ETC  |  27  | 25 | 1  | 0  | 1  | 0.963  |  1.0   | 0.9615 | 1.0 |   0.963   | 0.8387 |
+------+-------+------+----+----+----+----+--------+--------+--------+-----+-----------+--------+
+------+-------+------+----+----+----+----+--------+--------+-----+--------+-----------+--------+
| Fold | Alarm | Nums | TP | TN | FP | FN |  ACC   |  AUC   | TPR |  TNR   | Ref_score | Score  |
+------+-------+------+----+----+----+----+--------+--------+-----+--------+-----------+--------+
|  1   |  VFB  |  13  | 1  | 10 | 1  | 1  | 0.8462 | 0.9091 | 0.5 | 0.9091 |   0.1538  | 0.6471 |
|  2   |  VFB  |  12  | 1  | 10 | 1  | 0  | 0.9167 | 0.9091 | 1.0 | 0.9091 |   0.0833  | 0.9167 |
|  3   |  VFB  |  11  | 0  | 8  | 2  | 1  | 0.7273 |  0.2   | 0.0 |  0.8   |   0.0909  | 0.5333 |
|  4   |  VFB  |  11  | 0  | 7  | 3  | 1  | 0.6364 |  0.0   | 0.0 |  0.7   |   0.0909  | 0.4667 |
|  5   |  VFB  |  11  | 0  | 7  | 3  | 1  | 0.6364 |  0.1   | 0.0 |  0.7   |   0.0909  | 0.4667 |
+------+-------+------+----+----+----+----+--------+--------+-----+--------+-----------+--------+
+------+-------+------+----+----+----+----+--------+--------+------+------+-----------+--------+
| Fold | Alarm | Nums | TP | TN | FP | FN |  ACC   |  AUC   | TPR  | TNR  | Ref_score | Score  |
+------+-------+------+----+----+----+----+--------+--------+------+------+-----------+--------+
|  1   |  ASY  |  25  | 2  | 18 | 2  | 3  |  0.8   |  0.76  | 0.4  | 0.9  |    0.2    | 0.5405 |
|  2   |  ASY  |  25  | 3  | 18 | 2  | 2  |  0.84  |  0.8   | 0.6  | 0.9  |    0.2    | 0.6364 |
|  3   |  ASY  |  24  | 0  | 18 | 2  | 4  |  0.75  |  0.7   | 0.0  | 0.9  |   0.1667  |  0.45  |
|  4   |  ASY  |  24  | 1  | 18 | 2  | 3  | 0.7917 | 0.6625 | 0.25 | 0.9  |   0.1667  | 0.5278 |
|  5   |  ASY  |  24  | 2  | 19 | 1  | 2  | 0.875  | 0.575  | 0.5  | 0.95 |   0.1667  | 0.6562 |
+------+-------+------+----+----+----+----+--------+--------+------+------+-----------+--------+
+------+-------+------+----+----+----+----+--------+--------+--------+--------+-----------+--------+
| Fold | Alarm | Nums | TP | TN | FP | FN |  ACC   |  AUC   |  TPR   |  TNR   | Ref_score | Score  |
+------+-------+------+----+----+----+----+--------+--------+--------+--------+-----------+--------+
|  1   |  EBR  |  19  | 5  | 7  | 2  | 5  | 0.6316 | 0.7222 |  0.5   | 0.7778 |   0.5263  | 0.3077 |
|  2   |  EBR  |  18  | 6  | 6  | 3  | 3  | 0.6667 | 0.7778 | 0.6667 | 0.6667 |    0.5    |  0.4   |
|  3   |  EBR  |  18  | 5  | 7  | 2  | 4  | 0.6667 | 0.8025 | 0.5556 | 0.7778 |    0.5    | 0.3529 |
|  4   |  EBR  |  17  | 5  | 6  | 2  | 4  | 0.6471 | 0.5833 | 0.5556 |  0.75  |   0.5294  | 0.3333 |
|  5   |  EBR  |  17  | 4  | 6  | 2  | 5  | 0.5882 | 0.6528 | 0.4444 |  0.75  |   0.5294  | 0.2703 |
+------+-------+------+----+----+----+----+--------+--------+--------+--------+-----------+--------+
2023-05-15-21-30-17: all result 
+-------------------------------------+-------+------+-----+-----+----+-----+--------+--------+--------+-----------+--------+
|                 Set                 | Alarm | Nums |  TP |  TN | FP |  FN |  ACC   |  TPR   |  TNR   | Ref_score | Score  |
+-------------------------------------+-------+------+-----+-----+----+-----+--------+--------+--------+-----------+--------+
| cv_edgcn_all_12s_slice_norm_noising |  ALL  | 750  | 192 | 380 | 76 | 102 | 0.7627 | 0.6531 | 0.8333 |   0.392   | 0.494  |
| cv_edgcn_all_12s_slice_norm_noising |  VTA  | 341  |  35 | 209 | 43 |  54 | 0.7155 | 0.3933 | 0.8294 |   0.261   | 0.4381 |
| cv_edgcn_all_12s_slice_norm_noising |  ETC  | 140  | 122 |  6  | 3  |  9  | 0.9143 | 0.9313 | 0.6667 |   0.9357  | 0.7273 |
| cv_edgcn_all_12s_slice_norm_noising |  VFB  |  58  |  2  |  42 | 10 |  4  | 0.7586 | 0.3333 | 0.8077 |   0.1034  | 0.5946 |
| cv_edgcn_all_12s_slice_norm_noising |  ASY  | 122  |  8  |  91 | 9  |  14 | 0.8115 | 0.3636 |  0.91  |   0.1803  | 0.5562 |
| cv_edgcn_all_12s_slice_norm_noising |  EBR  |  89  |  25 |  32 | 11 |  21 | 0.6404 | 0.5435 | 0.7442 |   0.5169  | 0.3295 |
+-------------------------------------+-------+------+-----+-----+----+-----+--------+--------+--------+-----------+--------+

+------+-------+------+----+----+----+----+--------+--------+--------+--------+-----------+--------+
| Fold | Alarm | Nums | TP | TN | FP | FN |  ACC   |  AUC   |  TPR   |  TNR   | Ref_score | Score  |
+------+-------+------+----+----+----+----+--------+--------+--------+--------+-----------+--------+
|  1   |  ALL  | 155  | 42 | 73 | 20 | 20 | 0.7419 | 0.8019 | 0.6774 | 0.7849 |    0.4    | 0.4894 |
|  2   |  ALL  | 152  | 34 | 77 | 16 | 25 | 0.7303 | 0.7797 | 0.5763 | 0.828  |   0.3882  | 0.4405 |
|  3   |  ALL  | 149  | 35 | 79 | 12 | 23 | 0.7651 | 0.7876 | 0.6034 | 0.8681 |   0.3893  | 0.473  |
|  4   |  ALL  | 148  | 40 | 71 | 19 | 18 |  0.75  | 0.8002 | 0.6897 | 0.7889 |   0.3919  | 0.5045 |
|  5   |  ALL  | 146  | 40 | 79 | 10 | 17 | 0.8151 | 0.8526 | 0.7018 | 0.8876 |   0.3904  | 0.5561 |
+------+-------+------+----+----+----+----+--------+--------+--------+--------+-----------+--------+
+------+-------+------+----+----+----+----+--------+--------+--------+--------+-----------+--------+
| Fold | Alarm | Nums | TP | TN | FP | FN |  ACC   |  AUC   |  TPR   |  TNR   | Ref_score | Score  |
+------+-------+------+----+----+----+----+--------+--------+--------+--------+-----------+--------+
|  1   |  VTA  |  69  | 7  | 37 | 14 | 11 | 0.6377 |  0.61  | 0.3889 | 0.7255 |   0.2609  | 0.3894 |
|  2   |  VTA  |  69  | 3  | 41 | 10 | 15 | 0.6377 | 0.5948 | 0.1667 | 0.8039 |   0.2609  | 0.3411 |
|  3   |  VTA  |  68  | 6  | 45 | 5  | 12 |  0.75  | 0.5978 | 0.3333 |  0.9   |   0.2647  | 0.4397 |
|  4   |  VTA  |  68  | 10 | 39 | 11 | 8  | 0.7206 | 0.7333 | 0.5556 |  0.78  |   0.2647  |  0.49  |
|  5   |  VTA  |  67  | 10 | 45 | 5  | 7  | 0.8209 | 0.8941 | 0.5882 |  0.9   |   0.2537  | 0.5789 |
+------+-------+------+----+----+----+----+--------+--------+--------+--------+-----------+--------+
+------+-------+------+----+----+----+----+--------+--------+--------+-----+-----------+--------+
| Fold | Alarm | Nums | TP | TN | FP | FN |  ACC   |  AUC   |  TPR   | TNR | Ref_score | Score  |
+------+-------+------+----+----+----+----+--------+--------+--------+-----+-----------+--------+
|  1   |  ETC  |  29  | 27 | 1  | 1  | 0  | 0.9655 | 0.963  |  1.0   | 0.5 |   0.931   | 0.9655 |
|  2   |  ETC  |  28  | 21 | 1  | 1  | 5  | 0.7857 | 0.7308 | 0.8077 | 0.5 |   0.9286  | 0.4583 |
|  3   |  ETC  |  28  | 24 | 1  | 1  | 2  | 0.8929 | 0.9615 | 0.9231 | 0.5 |   0.9286  | 0.6944 |
|  4   |  ETC  |  28  | 24 | 2  | 0  | 2  | 0.9286 |  1.0   | 0.9231 | 1.0 |   0.9286  | 0.7222 |
|  5   |  ETC  |  27  | 24 | 1  | 0  | 2  | 0.9259 | 0.9615 | 0.9231 | 1.0 |   0.963   | 0.7143 |
+------+-------+------+----+----+----+----+--------+--------+--------+-----+-----------+--------+
+------+-------+------+----+----+----+----+--------+--------+-----+--------+-----------+--------+
| Fold | Alarm | Nums | TP | TN | FP | FN |  ACC   |  AUC   | TPR |  TNR   | Ref_score | Score  |
+------+-------+------+----+----+----+----+--------+--------+-----+--------+-----------+--------+
|  1   |  VFB  |  13  | 1  | 10 | 1  | 1  | 0.8462 | 0.9091 | 0.5 | 0.9091 |   0.1538  | 0.6471 |
|  2   |  VFB  |  12  | 1  | 10 | 1  | 0  | 0.9167 | 0.9091 | 1.0 | 0.9091 |   0.0833  | 0.9167 |
|  3   |  VFB  |  11  | 0  | 8  | 2  | 1  | 0.7273 |  0.2   | 0.0 |  0.8   |   0.0909  | 0.5333 |
|  4   |  VFB  |  11  | 0  | 7  | 3  | 1  | 0.6364 |  0.0   | 0.0 |  0.7   |   0.0909  | 0.4667 |
|  5   |  VFB  |  11  | 0  | 8  | 2  | 1  | 0.7273 |  0.1   | 0.0 |  0.8   |   0.0909  | 0.5333 |
+------+-------+------+----+----+----+----+--------+--------+-----+--------+-----------+--------+
+------+-------+------+----+----+----+----+-------+--------+------+------+-----------+--------+
| Fold | Alarm | Nums | TP | TN | FP | FN |  ACC  |  AUC   | TPR  | TNR  | Ref_score | Score  |
+------+-------+------+----+----+----+----+-------+--------+------+------+-----------+--------+
|  1   |  ASY  |  25  | 2  | 18 | 2  | 3  |  0.8  |  0.73  | 0.4  | 0.9  |    0.2    | 0.5405 |
|  2   |  ASY  |  25  | 3  | 19 | 1  | 2  |  0.88 |  0.8   | 0.6  | 0.95 |    0.2    | 0.6667 |
|  3   |  ASY  |  24  | 0  | 18 | 2  | 4  |  0.75 | 0.7125 | 0.0  | 0.9  |   0.1667  |  0.45  |
|  4   |  ASY  |  24  | 1  | 17 | 3  | 3  |  0.75 | 0.625  | 0.25 | 0.85 |   0.1667  |  0.5   |
|  5   |  ASY  |  24  | 2  | 19 | 1  | 2  | 0.875 | 0.575  | 0.5  | 0.95 |   0.1667  | 0.6562 |
+------+-------+------+----+----+----+----+-------+--------+------+------+-----------+--------+
+------+-------+------+----+----+----+----+--------+--------+--------+--------+-----------+--------+
| Fold | Alarm | Nums | TP | TN | FP | FN |  ACC   |  AUC   |  TPR   |  TNR   | Ref_score | Score  |
+------+-------+------+----+----+----+----+--------+--------+--------+--------+-----------+--------+
|  1   |  EBR  |  19  | 5  | 7  | 2  | 5  | 0.6316 | 0.7222 |  0.5   | 0.7778 |   0.5263  | 0.3077 |
|  2   |  EBR  |  18  | 6  | 6  | 3  | 3  | 0.6667 | 0.7778 | 0.6667 | 0.6667 |    0.5    |  0.4   |
|  3   |  EBR  |  18  | 5  | 7  | 2  | 4  | 0.6667 | 0.7654 | 0.5556 | 0.7778 |    0.5    | 0.3529 |
|  4   |  EBR  |  17  | 5  | 6  | 2  | 4  | 0.6471 | 0.5972 | 0.5556 |  0.75  |   0.5294  | 0.3333 |
|  5   |  EBR  |  17  | 4  | 6  | 2  | 5  | 0.5882 | 0.6667 | 0.4444 |  0.75  |   0.5294  | 0.2703 |
+------+-------+------+----+----+----+----+--------+--------+--------+--------+-----------+--------+
2023-05-15-22-28-47: all result 
+-------------------------------------+-------+------+-----+-----+----+-----+--------+--------+--------+-----------+--------+
|                 Set                 | Alarm | Nums |  TP |  TN | FP |  FN |  ACC   |  TPR   |  TNR   | Ref_score | Score  |
+-------------------------------------+-------+------+-----+-----+----+-----+--------+--------+--------+-----------+--------+
| cv_edgcn_all_12s_slice_norm_noising |  ALL  | 750  | 191 | 379 | 77 | 103 |  0.76  | 0.6497 | 0.8311 |   0.392   | 0.4905 |
| cv_edgcn_all_12s_slice_norm_noising |  VTA  | 341  |  36 | 207 | 45 |  53 | 0.7126 | 0.4045 | 0.8214 |   0.261   | 0.4394 |
| cv_edgcn_all_12s_slice_norm_noising |  ETC  | 140  | 120 |  6  | 3  |  11 |  0.9   | 0.916  | 0.6667 |   0.9357  | 0.6848 |
| cv_edgcn_all_12s_slice_norm_noising |  VFB  |  58  |  2  |  43 | 9  |  4  | 0.7759 | 0.3333 | 0.8269 |   0.1034  | 0.6081 |
| cv_edgcn_all_12s_slice_norm_noising |  ASY  | 122  |  8  |  91 | 9  |  14 | 0.8115 | 0.3636 |  0.91  |   0.1803  | 0.5562 |
| cv_edgcn_all_12s_slice_norm_noising |  EBR  |  89  |  25 |  32 | 11 |  21 | 0.6404 | 0.5435 | 0.7442 |   0.5169  | 0.3295 |
+-------------------------------------+-------+------+-----+-----+----+-----+--------+--------+--------+-----------+--------+

